2280.124023 41 
0 145 181 241 260 205 206 266 212 67 0 
0 108 227 286 397 346 347 348 287 228 129 69 0 
0 22 73 82 24 144 253 265 147 146 92 27 86 85 140 1 0 
0 41 102 9 103 168 162 221 222 281 276 183 0 
0 20 81 150 211 210 261 242 302 328 273 214 213 0 
0 173 120 180 77 66 6 18 0 
0 284 230 130 190 291 350 250 296 236 0 
0 72 79 143 83 142 133 121 200 61 23 13 0 
0 139 198 199 204 203 263 322 373 301 320 313 262 202 0 
0 243 336 341 396 401 402 342 283 189 223 163 0 
0 374 375 376 371 316 359 251 0 
0 29 89 63 123 209 149 98 99 40 35 94 33 0 
0 226 337 304 344 364 409 404 349 290 289 0 
0 355 356 414 354 405 365 412 305 0 
0 220 279 280 275 248 394 334 388 333 274 215 0 
0 193 19 78 137 192 197 293 233 74 14 60 17 420 0 
0 97 64 164 184 169 170 10 109 50 0 
0 267 247 307 386 326 385 361 380 325 0 
0 28 88 93 122 208 182 201 151 87 32 31 141 0 
0 270 187 332 392 367 387 327 207 127 152 0 
0 188 340 399 308 400 368 395 335 393 0 
0 153 268 154 68 155 128 219 160 100 95 34 0 
0 21 2 62 30 90 91 7 26 80 0 
0 52 5 65 172 177 165 115 56 55 54 105 45 0 
0 12 53 15 75 134 194 135 76 119 118 16 58 117 112 57 0 
0 406 407 309 408 369 403 343 249 288 0 
0 111 70 171 176 234 245 345 294 235 295 231 229 0 
0 37 46 47 48 124 110 49 104 4 44 0 
0 185 292 237 297 352 357 298 238 0 
0 36 3 156 101 42 43 161 216 159 8 148 25 0 
0 299 311 419 418 417 358 0 
0 158 218 269 278 329 303 389 338 339 398 363 282 0 
0 186 264 323 382 324 319 378 259 0 
0 246 306 379 366 384 383 0 
0 178 179 131 196 256 255 353 254 195 136 71 0 
0 321 330 381 362 390 391 331 272 271 0 
0 351 410 411 370 416 310 415 0 
0 51 116 175 285 225 174 114 125 232 11 59 0 
0 39 38 96 107 166 217 167 277 244 224 157 106 0 
0 239 191 315 314 413 300 360 377 372 312 0 
0 113 132 138 252 240 257 258 317 318 126 84 0 
